0 0.57109375 0.0734375 0.07890625 0.03359375
0 0.575 0.128125 0.07265625 0.0296875
0 0.578125 0.17734375 0.07890625 0.03828125
0 0.42421875 0.34921875 0.04765625 0.075
0 0.3765625 0.37578125 0.03359375 0.07265625
0 0.3203125 0.39453125 0.04765625 0.075
0 0.234375 0.8578125 0.0609375 0.06328125
0 0.32578125 0.8921875 0.040625 0.09296875
0 0.4109375 0.93203125 0.04296875 0.07265625
0 0.6359375 0.7703125 0.0453125 0.05625
0 0.721875 0.81484375 0.06328125 0.0546875
0 0.8046875 0.84609375 0.05234375 0.06796875