0 0.57890625 0.08359375 0.08046875 0.034375
0 0.5828125 0.1390625 0.0734375 0.0296875
0 0.5859375 0.1890625 0.08046875 0.0390625
0 0.4296875 0.36328125 0.0484375 0.07578125
0 0.38203125 0.38984375 0.034375 0.0734375
0 0.32421875 0.409375 0.0484375 0.07578125
0 0.2375 0.878125 0.06171875 0.0640625
0 0.33046875 0.9140625 0.04140625 0.09375
0 0.41640625 0.95390625 0.04375 0.0734375
0 0.64453125 0.78984375 0.04609375 0.05703125
0 0.73203125 0.83515625 0.0640625 0.0546875
0 0.815625 0.8671875 0.053125 0.06875