0 0.36484375 0.68828125 0.07890625 0.084375
0 0.465625 0.7578125 0.0765625 0.08203125
0 0.52734375 0.7015625 0.08046875 0.06171875
0 0.4234375 0.621875 0.0640625 0.0796875
0 0.4796875 0.56953125 0.06171875 0.07265625
0 0.590625 0.6390625 0.06171875 0.07109375
0 0.65234375 0.5796875 0.07890625 0.06640625
0 0.54921875 0.51015625 0.07265625 0.07734375
0 0.6140625 0.44375 0.0828125 0.07734375
0 0.71953125 0.51953125 0.06796875 0.06640625
0 0.78203125 0.4578125 0.0703125 0.0796875
0 0.6765625 0.375 0.07265625 0.07734375
0 0.853125 0.3890625 0.07265625 0.07109375
0 0.74609375 0.315625 0.0828125 0.07734375
0 0.846875 0.19140625 0.07265625 0.07734375
0 0.93203125 0.2546875 0.0765625 0.08828125