0 0.63828125 0.30390625 0.08203125 0.0875
0 0.5328125 0.23125 0.0796875 0.08515625
0 0.46875 0.290625 0.084375 0.06484375
0 0.57734375 0.3734375 0.06640625 0.0828125
0 0.51875 0.42734375 0.0640625 0.07578125
0 0.40390625 0.3546875 0.0640625 0.0734375
0 0.33984375 0.4171875 0.08203125 0.06875
0 0.446875 0.48984375 0.075 0.08046875
0 0.3796875 0.55859375 0.0859375 0.08046875
0 0.26953125 0.47890625 0.07109375 0.06875
0 0.2046875 0.54375 0.07265625 0.0828125
0 0.3140625 0.63046875 0.075 0.08046875
0 0.13046875 0.61484375 0.075 0.0734375
0 0.2421875 0.6921875 0.0859375 0.08046875
0 0.1375 0.82109375 0.075 0.08046875
0 0.0484375 0.75546875 0.0796875 0.0921875