0 0.6296875 0.30078125 0.08046875 0.0859375
0 0.5265625 0.2296875 0.07890625 0.08359375
0 0.4625 0.2875 0.0828125 0.06328125
0 0.56953125 0.36875 0.065625 0.08125
0 0.51171875 0.421875 0.06328125 0.075
0 0.3984375 0.35078125 0.06328125 0.07265625
0 0.33515625 0.41171875 0.08046875 0.06796875
0 0.44140625 0.4828125 0.07421875 0.07890625
0 0.37421875 0.55078125 0.08515625 0.07890625
0 0.26640625 0.47265625 0.06953125 0.06796875
0 0.20234375 0.5359375 0.071875 0.08125
0 0.31015625 0.62109375 0.07421875 0.07890625
0 0.12890625 0.60625 0.07421875 0.07265625
0 0.2390625 0.68203125 0.08515625 0.07890625
0 0.13515625 0.80859375 0.07421875 0.07890625
0 0.04765625 0.74453125 0.07890625 0.090625